-5.18 -55.69
-74.20 13.75
-89.40 80.69
70.01 -88.99
27.41 14.95
-99.98 29.48
-19.96 -24.86
89.33 95.41
-52.37 98.74
52.65 54.34
52.54 84.24
31.43 16.98
76.57 -80.09
81.41 78.22
-99.23 89.79
84.30 46.19
49.54 -40.51
-49.13 -89.95
94.22 48.56
69.27 23.55
-79.61 -49.30
12.33 -29.12
-22.50 -91.59
54.81 10.68
25.92 -45.41
-48.08 -33.88
-31.19 -81.30
41.28 -13.93
72.24 -66.53
-40.57 -25.72
-85.41 85.14
-69.29 -59.57
28.36 -56.75
-19.14 78.07
-84.03 59.60
-30.39 14.81
41.41 82.96
-37.43 20.42
-96.41 -92.60
1.67 -66.59
81.01 80.58
16.81 22.87
83.99 0.68
-64.87 -61.64
78.82 -35.88
87.74 88.59
-47.36 -79.05
74.97 37.77
52.24 54.60
76.46 83.61
91.86 20.64
-69.95 -77.74
31.72 65.83
15.41 24.07
6.49 -51.77
-70.06 -4.54
35.29 54.04
-45.71 -99.15
-92.14 -58.83
-74.57 15.30
93.89 15.56
-82.84 45.37
-85.20 72.04
31.02 83.68
-27.58 77.01
-18.79 56.38
56.40 -76.92
-43.23 -72.53
2.93 -74.38
-93.57 -73.53
25.85 -2.62
8.13 43.26
53.15 32.70
60.05 4.50
-97.46 -94.23
-95.90 -36.73
-83.66 83.51
-55.43 -44.17
10.46 -62.06
-20.54 -48.10
51.04 31.98
91.23 -99.43
-41.15 -10.14
96.21 76.39
-81.33 -9.47
36.28 -10.73
2.84 14.46
-96.71 -21.62
-60.56 46.26
-17.54 -36.71
58.65 -95.82
97.26 4.65
20.20 56.92
-91.62 -24.98
88.48 -31.86
37.12 -4.57
15.82 -71.20
44.37 -68.65
-48.53 31.27
-64.80 -98.85
37.09 36.36
-29.51 -41.65
54.40 -7.69
-12.21 -90.15
57.47 -93.26
-72.84 87.89
-35.04 -79.97
-43.68 39.82
-12.14 -75.62
-54.22 18.63
71.05 -49.45
-6.62 -75.88
93.92 14.95
-64.40 64.92
-40.03 -65.82
-13.42 93.98
-13.93 54.42
39.04 -52.03
84.64 16.25
-76.66 -96.54
93.24 85.38
37.16 64.88
37.11 -98.62
81.94 99.37
78.97 -38.89
-52.71 -56.88
-60.29 -81.76
-22.74 -60.81
-9.11 6.60
-36.41 -70.20
44.43 -97.52
81.04 -80.38
-19.25 -15.24
15.25 -79.30
-45.52 -77.50
91.33 17.57
-74.20 40.21
87.16 5.96
12.37 39.69
87.16 -39.93
-55.34 5.16
26.10 69.25
65.15 0.10
-39.38 -55.15
-94.24 72.29
2.60 53.70
37.72 81.11
69.21 18.09
99.89 48.64
-4.31 -8.67
-4.83 92.03
-1.83 -91.42
-20.12 -86.85
-85.28 -95.35
-58.05 -23.30
-77.46 -32.99
41.58 31.65
43.80 75.98
-83.69 -95.38
20.32 20.58
60.96 90.15
-15.17 43.73
21.23 2.27
8.18 58.36
-77.89 -14.45
-67.11 19.13
3.61 -28.36
68.47 -49.79
-43.42 44.34
-5.09 92.47
-53.63 76.83
-80.19 -67.20
87.45 -51.02
-95.43 -7.92
-47.25 73.14
-18.26 -37.01
33.61 33.42
-65.22 -48.34
-50.38 -59.18
6.25 -14.10
-85.74 83.90
42.29 18.47
29.99 8.39
-67.31 82.84
22.70 -66.87
24.09 -48.57
50.75 36.16
64.63 97.71
35.46 64.46
7.42 -19.53
-9.88 -44.73
72.37 24.40
2.23 72.89
51.47 -47.87
70.23 -36.33
59.30 -83.88
49.80 55.11
87.25 -23.00
-27.37 -4.26
42.25 53.30
52.14 -60.76
-32.19 -81.28
18.92 19.11
-26.69 -0.82
-12.19 -37.01
-89.69 83.12
-90.24 -32.61
65.35 15.98
14.48 5.95
34.08 74.25
25.15 -28.69
-83.28 -9.60
-91.07 -96.03
-75.68 95.55
-94.95 71.41
68.98 1.25
82.50 37.46
76.34 18.06
-46.86 87.60
91.57 -78.58
-75.14 73.73
-27.72 -19.57
-23.89 -93.90
-41.71 43.93
-36.06 44.70
-70.59 93.21
-16.27 -11.91
39.61 93.72
75.45 6.01
51.50 -39.08
-1.67 -16.99
57.31 -26.31
59.06 -69.62
-0.67 -24.94
92.13 47.16
77.29 84.47
-0.45 53.80
64.66 -74.43
-30.36 76.58
21.19 -39.36
-16.65 98.21
-11.26 49.01
84.46 23.94
-43.03 97.02
28.10 74.96
92.91 7.76
-58.28 -72.34
-32.03 36.44
-56.89 -15.73
56.94 -39.97
47.82 -78.59
8.56 47.12
-30.46 -55.89
39.36 43.84
-95.65 22.14
-11.01 -43.52
-78.32 73.39
-69.42 -32.29
-94.10 44.20
-18.02 27.48
71.37 49.48
47.57 61.27
-41.57 -25.54
-58.82 -40.33
-5.71 52.42
-51.46 -41.45
-25.92 70.45
51.94 76.31
-9.16 -91.84
-33.06 -66.21
69.36 -32.62
56.85 48.26
-89.51 22.33
-39.81 22.50
51.40 88.81
19.82 41.16
26.62 -2.14
43.20 15.04
-56.35 -77.50
54.63 -66.18
38.33 4.92
-52.81 38.76
16.34 83.64
-46.18 45.57
-66.27 16.59
92.39 -38.31
54.78 42.02
70.35 26.69
-44.23 47.17
-6.18 10.73
-34.87 -16.31
-65.48 -53.87
-90.17 -25.32
60.51 -65.62
-33.66 -57.98
-1.76 24.71
-93.04 76.47
97.97 15.30
33.10 -69.91
-16.45 26.34
46.63 74.32
22.68 32.67
58.76 95.84
-16.22 -60.24
-34.32 46.48
-82.58 -86.43
88.90 -43.82
-34.11 10.37
-2.95 -88.70
-19.25 58.18
-63.93 -87.75
-65.79 69.68
76.05 -50.73
87.85 77.03
78.18 -97.99
99.13 45.26
62.08 -1.35
-30.59 -96.48
-4.89 97.68
-65.36 -88.41
5.81 92.71
60.68 -48.54
6.05 -40.98
0.27 -2.68
29.23 -27.21
-12.81 -91.38
78.37 -17.85
-0.84 97.62
-7.26 54.16
78.97 99.55
-34.08 -66.36
33.39 -65.04
-83.17 -57.53
-94.88 12.00
59.09 77.94
0.84 -63.67
-51.70 30.13
-80.80 -10.79
-91.35 -8.08
27.09 -74.62
-94.49 19.31
94.01 -19.79
-65.39 22.77
-35.00 75.99
-44.86 -28.10
-13.90 -33.09
-86.37 -79.13
19.98 -43.15
79.70 -73.04
23.95 51.64
2.45 -95.45
-93.38 17.48
-56.24 -13.78
84.16 -65.19
81.78 63.57
-83.30 23.99
72.36 -22.75
-91.95 36.91
56.48 -86.38
-41.40 57.15
-63.53 -77.92
-51.77 0.30
61.95 64.43
-32.17 -55.41
45.81 -17.98
-30.26 -15.12
-40.72 89.84
-98.63 -38.70
57.06 -98.82
77.83 -38.85
52.21 63.38
-42.56 -20.04
4.82 -54.29
89.59 86.43
-72.69 53.84
96.19 -66.25
28.93 62.71
-17.75 51.17
-8.46 -60.01
32.12 -3.63
66.56 0.78
-47.30 88.43
75.39 -4.98
86.25 -36.56
-94.51 -28.35
65.11 97.99
14.28 24.21
-81.88 12.11
67.68 6.78
-19.44 -37.97
86.17 84.57
-38.06 6.34
-60.60 -28.01
9.72 35.93
-89.82 -57.21
88.13 39.10
13.35 73.25
-88.48 22.63
-15.28 -37.61
-10.36 21.55
-41.20 -43.19
93.68 78.01
52.58 -75.50
-59.21 -78.62
33.82 64.36
-64.37 -73.26
-0.09 -76.24
36.57 88.78
59.56 72.61
0.34 46.96
11.97 -18.98
-11.52 -43.35
67.46 24.38
-83.21 -83.61
-21.20 -94.63
11.39 97.73
80.05 -72.09
-25.59 79.76
62.04 -26.85
74.29 -18.49
-6.78 40.09
27.77 -50.26
-76.16 86.62
73.42 92.94
-68.71 -20.05
61.06 -19.54
-68.38 -61.09
-55.25 -55.21
-74.93 86.31
33.25 29.68
58.60 -60.26
-44.25 -26.49
34.95 84.36
45.33 12.60
-88.44 -51.35
41.39 -8.51
21.55 -13.02
60.03 66.29
64.62 49.85
-27.52 95.17
-82.20 93.17
-20.50 4.81
-7.62 -66.47
62.18 -46.63
19.71 -69.61
65.41 30.06
82.56 48.74
39.36 -88.03
82.49 34.69
-48.70 43.13
-7.90 -37.97
-25.88 -69.37
86.69 -5.68
71.50 -52.11
4.64 99.63
28.54 22.67
45.89 -27.01
-46.89 48.41
-54.03 67.14
15.53 -31.78
33.80 2.31
-86.02 -94.10
-29.00 -31.02
-53.26 -37.05
-17.79 -53.62
-3.97 19.94
-70.91 81.68
-99.75 17.28
-37.95 -75.39
-41.01 -33.53
77.87 -28.46
-60.48 -8.21
-44.99 -69.66
-99.93 -29.38
12.84 75.69
81.95 0.80
86.38 -94.95
-5.10 73.23
65.29 86.08
-21.84 9.12
-88.36 -37.40
-44.97 12.95
75.83 -71.38
86.65 -50.05
-41.05 2.17
43.54 -76.79
-19.52 29.85
-47.45 18.85
-81.87 -48.03
-50.18 66.82
-97.12 -45.39
-15.25 -23.48
-97.16 4.91
-53.88 -23.18
-57.74 7.50
-21.85 -5.00
90.39 -93.82
23.53 62.55
-97.53 46.03
-15.37 -10.66
